10 1 16384 10448 0.6376953125
11 1 16384 6689 0.40826416015625
12 1 16384 3669 0.22393798828125
13 1 16384 1858 0.1134033203125
14 1 16384 1039 0.06341552734375
15 1 16384 519 0.03167724609375
16 1 16384 316 0.019287109375
17 1 16384 168 0.01025390625
18 1 16384 132 0.008056640625
19 1 16384 142 0.0086669921875
20 1 16384 149 0.00909423828125


10 2 16384 12287 0.74993896484375
11 2 16383 6653 0.40609168040041504
12 2 16384 2529 0.15435791015625
13 2 16384 786 0.0479736328125
14 2 16384 241 0.01470947265625
15 2 16384 61 0.00372314453125
16 2 16384 17 0.00103759765625
17 2 16384 3 0.00018310546875
18 2 16383 9 0.0005493499359091741
19 2 16384 7 0.00042724609375
20 2 16384 8 0.00048828125


10 3 16384 14307 0.87322998046875
11 3 16384 7802 0.4761962890625
12 3 16384 2329 0.14215087890625
13 3 16384 462 0.0281982421875
14 3 16383 85 0.005188304950253311
15 3 16384 24 0.00146484375
16 3 16384 4 0.000244140625
17 3 16384 3 0.00018310546875
18 3 16384 5 0.00030517578125
19 3 16384 2 0.0001220703125
20 3 16384 0 0.0


10 4 16384 15224 0.92919921875
11 4 16384 9425 0.57525634765625
12 4 16384 2543 0.15521240234375
13 4 16384 391 0.02386474609375
14 4 16384 44 0.002685546875
15 4 16384 7 0.00042724609375
16 4 16384 4 0.000244140625
17 4 16384 1 6.103515625e-05
18 4 16384 1 6.103515625e-05
19 4 16384 4 0.000244140625
20 4 16384 2 0.0001220703125


10 5 16384 16212 0.989501953125
11 5 16384 11038 0.6737060546875
12 5 16384 3037 0.18536376953125
13 5 16384 349 0.02130126953125
14 5 16384 25 0.00152587890625
15 5 16384 3 0.00018310546875
16 5 16384 3 0.00018310546875
17 5 16384 2 0.0001220703125
18 5 16384 5 0.00030517578125
19 5 16384 2 0.0001220703125
20 5 16384 5 0.00030517578125


10 6 16384 16178 0.9874267578125
11 6 16384 11871 0.72454833984375
12 6 16383 3470 0.21180491973387047
13 6 16384 352 0.021484375
14 6 16384 16 0.0009765625
15 6 16383 2 0.00012207776353537203
16 6 16384 2 0.0001220703125
17 6 16384 3 0.00018310546875
18 6 16384 5 0.00030517578125
19 6 16384 2 0.0001220703125
20 6 16384 2 0.0001220703125


10 7 16384 16269 0.99298095703125
11 7 16384 12400 0.7568359375
12 7 16384 4004 0.244384765625
13 7 16384 396 0.024169921875
14 7 16384 9 0.00054931640625
15 7 16384 0 0.0
16 7 16384 0 0.0
17 7 16384 1 6.103515625e-05
18 7 16384 1 6.103515625e-05
19 7 16384 4 0.000244140625
20 7 16384 0 0.0


10 8 16384 16255 0.99212646484375
11 8 16384 13473 0.82232666015625
12 8 16383 4716 0.28785936641640725
13 8 16384 384 0.0234375
14 8 16384 13 0.00079345703125
15 8 16384 1 6.103515625e-05
16 8 16384 2 0.0001220703125
17 8 16384 1 6.103515625e-05
18 8 16384 1 6.103515625e-05
19 8 16384 2 0.0001220703125
20 8 16384 3 0.00018310546875

